39.63244	-79.97660
39.63245	-79.97661
39.63246	-79.97669
39.63268	-79.97760
39.63272	-79.97771
39.63275	-79.97782
39.63306	-79.97864
39.63338	-79.97941
39.63344	-79.97962
39.63345	-79.97967
39.63347	-79.97973
39.63347	-79.97978
39.63348	-79.97984
39.63348	-79.97998
39.63347	-79.98003
39.63346	-79.98017
39.63339	-79.98072
39.63333	-79.98095
39.63332	-79.98103
39.63330	-79.98109
39.63327	-79.98115
39.63325	-79.98121
39.63319	-79.98133
39.63301	-79.98162
39.63247	-79.98246
39.63229	-79.98271
39.63195	-79.98311
39.63136	-79.98387
39.63121	-79.98409
39.63088	-79.98467
39.63009	-79.98620
39.62989	-79.98655
39.62968	-79.98683
39.62961	-79.98701
39.62958	-79.98704
39.62928	-79.98731
39.62858	-79.98778
39.62705	-79.98870
39.62692	-79.98878
39.62687	-79.98889
39.62676	-79.98900
39.62669	-79.98910
39.62661	-79.98922
39.62657	-79.98931
39.62656	-79.98935
39.62654	-79.98940
39.62650	-79.98956
39.62646	-79.98988
39.62653	-79.99009
39.62664	-79.99032
39.62667	-79.99037
39.62672	-79.99043
39.62679	-79.99050
39.62695	-79.99060
39.62703	-79.99063
39.62712	-79.99065
39.62728	-79.99065
39.62745	-79.99063
39.62760	-79.99057
39.62771	-79.99050
39.62781	-79.99040
39.62786	-79.99034
39.62796	-79.99015
39.62799	-79.99006
39.62803	-79.98990
39.62805	-79.98970
39.62804	-79.98963
39.62804	-79.98957
39.62802	-79.98944
39.62793	-79.98922
39.62789	-79.98914
39.62783	-79.98906
39.62775	-79.98898
39.62760	-79.98887
39.62750	-79.98882
39.62687	-79.98855
39.62655	-79.98844
39.62635	-79.98830
39.62590	-79.98820
39.62537	-79.98812
39.62509	-79.98809
39.62466	-79.98807
39.62449	-79.98807
39.62412	-79.98809
39.62378	-79.98813
39.62303	-79.98825
39.62274	-79.98833
39.62231	-79.98847
39.61656	-79.99077
39.61355	-79.99201
39.61136	-79.99287
39.61052	-79.99313
39.60975	-79.99329
39.60929	-79.99336
39.60867	-79.99343
39.60820	-79.99346
39.60752	-79.99347
39.60708	-79.99345
39.60667	-79.99341
39.60568	-79.99324
39.60514	-79.99310
39.60463	-79.99295
39.60386	-79.99269
39.60316	-79.99241
39.60230	-79.99198
39.60175	-79.99165
39.60108	-79.99121
39.60062	-79.99087
39.60038	-79.99068
39.59990	-79.99026
39.59929	-79.98969
39.59880	-79.98917
39.59820	-79.98847
39.59757	-79.98765
39.59705	-79.98687
39.59651	-79.98596
39.59433	-79.98189
39.59407	-79.98147
39.59377	-79.98106
39.59336	-79.98064
39.59323	-79.98050
39.59308	-79.98038
39.59264	-79.98007
39.59233	-79.97988
39.59195	-79.97971
39.59166	-79.97961
39.59143	-79.97955
39.59102	-79.97947
39.58991	-79.97941
39.58949	-79.97938
39.58416	-79.97924
39.58336	-79.97918
39.58279	-79.97907
39.58258	-79.97901
39.58240	-79.97895
39.58218	-79.97886
39.58205	-79.97880
39.58168	-79.97859
39.58140	-79.97840
39.58112	-79.97819
39.58029	-79.97750
39.57994	-79.97719
39.57929	-79.97667
39.57876	-79.97632
39.57853	-79.97620
39.57828	-79.97609
39.57787	-79.97595
39.57763	-79.97589
39.57717	-79.97580
39.57681	-79.97576
39.57647	-79.97576
39.57582	-79.97580
39.57496	-79.97599
39.57453	-79.97613
39.57412	-79.97631
39.57375	-79.97651
39.57338	-79.97675
39.57303	-79.97701
39.57269	-79.97729
39.57241	-79.97754
39.57172	-79.97820
39.57150	-79.97843
39.57145	-79.97847
39.56924	-79.98062
39.56867	-79.98113
39.56844	-79.98132
39.56813	-79.98154
39.56798	-79.98164
39.56767	-79.98181
39.56723	-79.98201
39.56706	-79.98206
39.56690	-79.98212
39.56658	-79.98219
39.56654	-79.98219
39.56598	-79.98229
39.56543	-79.98236
39.56028	-79.98315
39.55932	-79.98332
39.55876	-79.98347
39.55859	-79.98353
39.55364	-79.98504
39.55325	-79.98515
39.55290	-79.98522
39.55272	-79.98525
39.55228	-79.98528
39.55203	-79.98528
39.55184	-79.98527
39.54901	-79.98498
39.54870	-79.98496
39.54695	-79.98475
39.54598	-79.98466
39.54516	-79.98465
39.54470	-79.98473
39.54446	-79.98478
39.54437	-79.98481
39.54421	-79.98485
39.54351	-79.98511
39.54336	-79.98518
39.54312	-79.98531
39.54261	-79.98563
39.54240	-79.98579
39.54206	-79.98608
39.54171	-79.98642
39.54136	-79.98680
39.54115	-79.98707
39.54069	-79.98776
39.54055	-79.98802
39.54045	-79.98818
39.53799	-79.99269
39.53774	-79.99310
39.53766	-79.99325
39.53743	-79.99360
39.53713	-79.99400
39.53697	-79.99419
39.53656	-79.99461
39.53600	-79.99505
39.53571	-79.99523
39.53494	-79.99565
39.53343	-79.99641
39.53305	-79.99664
39.53290	-79.99675
39.53250	-79.99709
39.53240	-79.99719
39.53203	-79.99762
39.53181	-79.99792
39.53152	-79.99840
39.53123	-79.99900
39.53092	-79.99986
39.52931	-80.00467
39.52896	-80.00567
39.52885	-80.00597
39.52875	-80.00620
39.52859	-80.00654
39.52818	-80.00722
39.52806	-80.00740
39.52774	-80.00782
39.52743	-80.00815
39.52729	-80.00829
39.52693	-80.00860
39.52656	-80.00885
39.52594	-80.00921
39.52332	-80.01029
39.52279	-80.01055
39.52252	-80.01071
39.52222	-80.01094
39.52199	-80.01114
39.52170	-80.01144
39.52147	-80.01172
39.52138	-80.01186
39.52124	-80.01204
39.52109	-80.01228
39.52084	-80.01274
39.52064	-80.01320
39.52056	-80.01341
39.52042	-80.01387
39.52037	-80.01405
39.52022	-80.01493
39.52020	-80.01515
39.52018	-80.01563
39.52019	-80.01605
39.52022	-80.01652
39.52031	-80.01709
39.52049	-80.01784
39.52111	-80.01962
39.52125	-80.02002
39.52153	-80.02095
39.52165	-80.02156
39.52174	-80.02226
39.52177	-80.02264
39.52175	-80.02362
39.52170	-80.02414
39.52167	-80.02439
39.52085	-80.02959
39.52067	-80.03063
39.52055	-80.03146
39.52051	-80.03176
39.52044	-80.03273
39.52044	-80.03340
39.52046	-80.03373
39.52047	-80.03394
39.52065	-80.03592
39.52069	-80.03651
39.52071	-80.03711
39.52069	-80.03806
39.52058	-80.03912
39.52044	-80.03994
39.52033	-80.04043
39.52005	-80.04131
39.51986	-80.04185
39.51976	-80.04208
39.51958	-80.04257
39.51830	-80.04515
39.51794	-80.04593
39.51770	-80.04652
39.51747	-80.04724
39.51726	-80.04801
39.51716	-80.04846
39.51711	-80.04876
39.51704	-80.04932
39.51699	-80.04977
39.51670	-80.05502
39.51662	-80.05619
39.51648	-80.05718
39.51637	-80.05772
39.51616	-80.05853
39.51599	-80.05904
39.51597	-80.05912
39.51584	-80.05947
39.51557	-80.06011
39.51542	-80.06043
39.51262	-80.06562
39.51224	-80.06622
39.51194	-80.06663
39.51149	-80.06719
39.51132	-80.06738
39.51059	-80.06808
39.51042	-80.06822
39.51025	-80.06834
39.51023	-80.06836
39.50976	-80.06868
39.50953	-80.06883
39.50905	-80.06908
39.50881	-80.06919
39.50872	-80.06922
39.50852	-80.06931
39.50464	-80.07080
39.50463	-80.07081
39.50445	-80.07088
39.50353	-80.07131
39.50271	-80.07178
39.50242	-80.07196
39.50205	-80.07220
39.49515	-80.07713
39.49323	-80.07855
39.49287	-80.07886
39.49243	-80.07927
39.49217	-80.07954
39.49176	-80.08003
39.49146	-80.08044
39.49110	-80.08100
39.49085	-80.08146
39.49067	-80.08182
39.49034	-80.08259
39.49019	-80.08300
39.48993	-80.08387
39.48978	-80.08454
39.48968	-80.08508
39.48958	-80.08584
39.48911	-80.09073
39.48901	-80.09158
39.48899	-80.09180
39.48894	-80.09208
39.48880	-80.09266
39.48863	-80.09317
39.48854	-80.09339
39.48830	-80.09389
39.48804	-80.09430
39.48770	-80.09475
39.48737	-80.09509
39.48696	-80.09542
39.48627	-80.09589
39.48406	-80.09729
39.48370	-80.09758
39.48336	-80.09789
39.48300	-80.09824
39.48273	-80.09856
39.48226	-80.09924
39.48195	-80.09976
39.47839	-80.10654
39.47824	-80.10685
39.47793	-80.10756
39.47773	-80.10820
39.47763	-80.10869
39.47755	-80.10928
39.47735	-80.11158
39.47727	-80.11219
39.47718	-80.11265
39.47713	-80.11286
39.47700	-80.11327
39.47690	-80.11357
39.47675	-80.11393
39.47647	-80.11446
39.47630	-80.11475
39.47622	-80.11487
39.47593	-80.11525
39.47465	-80.11678
39.47418	-80.11739
39.47383	-80.11785
39.47373	-80.11800
39.47329	-80.11874
39.47319	-80.11890
39.47287	-80.11947
39.47270	-80.11982
39.47258	-80.12008
39.47207	-80.12134
39.46957	-80.12879
39.46938	-80.12928
39.46898	-80.13018
39.46895	-80.13023
39.46832	-80.13149
39.46817	-80.13189
39.46815	-80.13192
39.46814	-80.13195
39.46771	-80.13272
39.46764	-80.13287
39.46757	-80.13307
39.46754	-80.13320
39.46750	-80.13345
39.46749	-80.13374
39.46749	-80.13388
39.46756	-80.13434
39.46764	-80.13458
39.46772	-80.13474
39.46782	-80.13490
39.46789	-80.13500
39.46807	-80.13520
39.46813	-80.13524
39.46828	-80.13536
39.46856	-80.13552
39.46866	-80.13560
39.46886	-80.13562
39.46917	-80.13562
39.46927	-80.13560
39.46940	-80.13556
39.46959	-80.13547
39.46971	-80.13540
39.46987	-80.13527
39.46997	-80.13517
39.47007	-80.13505
39.47015	-80.13493
39.47026	-80.13473
39.47038	-80.13443
39.47043	-80.13428
39.47047	-80.13411
39.47049	-80.13406
39.47071	-80.13330
39.47168	-80.13375
39.47278	-80.13432
39.47302	-80.13443
39.47337	-80.13462
39.47451	-80.13509
39.47585	-80.13575
39.47589	-80.13571
39.47595	-80.13568
39.47598	-80.13567
39.47605	-80.13567
39.47609	-80.13569
39.47611	-80.13570
39.47615	-80.13573
39.47616	-80.13575
39.47620	-80.13579
39.47622	-80.13584
39.47623	-80.13587
39.47623	-80.13590
39.47624	-80.13593
39.47624	-80.13597
39.47848	-80.13702
39.47853	-80.13697
39.47859	-80.13693
39.47862	-80.13692
39.47871	-80.13692
39.47877	-80.13694
39.47880	-80.13696
39.47887	-80.13703
39.47889	-80.13707
39.47891	-80.13713
39.47892	-80.13717
39.47893	-80.13725
39.47893	-80.13730
39.47892	-80.13733
39.47892	-80.13736
39.47890	-80.13741
39.47885	-80.13750
39.47882	-80.13753
39.47879	-80.13756
39.47871	-80.13759
39.47865	-80.13759
39.47856	-80.13755
39.47854	-80.13752
39.47847	-80.13744
39.47846	-80.13741
39.47844	-80.13737
39.47843	-80.13734
39.47841	-80.13730
39.47841	-80.13725
39.47668	-80.13635
39.47620	-80.13613
39.47617	-80.13618
39.47615	-80.13620
39.47613	-80.13621
39.47611	-80.13623
39.47605	-80.13626
39.47598	-80.13626
39.47594	-80.13625
39.47592	-80.13623
39.47589	-80.13622
39.47586	-80.13619
39.47583	-80.13614
39.47581	-80.13612
39.47579	-80.13606
39.47579	-80.13603
39.47578	-80.13600
39.47578	-80.13591
39.47389	-80.13505
39.47153	-80.13388
39.47121	-80.13373
39.47120	-80.13373
39.47065	-80.13350
39.47049	-80.13406
39.47047	-80.13411
39.47043	-80.13428
39.47038	-80.13443
39.47026	-80.13473
39.47015	-80.13493
39.47007	-80.13505
39.46997	-80.13517
39.46987	-80.13527
39.46971	-80.13540
39.46959	-80.13547
39.46940	-80.13556
39.46927	-80.13560
39.46917	-80.13562
39.46886	-80.13562
39.46851	-80.13558
39.46789	-80.13543
39.46696	-80.13521
39.46680	-80.13516
39.46666	-80.13514
39.46644	-80.13514
39.46624	-80.13518
39.46614	-80.13521
39.46596	-80.13528
39.46579	-80.13539
39.46566	-80.13550
39.46505	-80.13616
39.46499	-80.13620
39.46484	-80.13628
39.46459	-80.13666
39.46202	-80.14010
39.46178	-80.14043
39.46121	-80.14114
39.46057	-80.14187
39.46026	-80.14219
39.45975	-80.14270
39.45832	-80.14405
39.45437	-80.14792
39.45396	-80.14836
39.45366	-80.14873
39.45264	-80.15008
39.45198	-80.15108
39.45143	-80.15203
39.45093	-80.15302
39.44751	-80.16048
39.44705	-80.16144
39.44635	-80.16282
39.44605	-80.16338
39.44461	-80.16584
39.44418	-80.16650
39.44312	-80.16834
39.44312	-80.16835
39.44250	-80.16939
39.44133	-80.17158
39.43712	-80.18004
39.43664	-80.18092
39.43560	-80.18223
39.43513	-80.18275
39.43435	-80.18369
39.43365	-80.18458
39.43334	-80.18505
39.43318	-80.18531
39.43312	-80.18546
39.43299	-80.18573
39.43074	-80.19161
39.43043	-80.19236
39.43024	-80.19276
39.42997	-80.19327
39.42969	-80.19373
39.42938	-80.19420
39.42904	-80.19467
39.42871	-80.19508
39.42802	-80.19581
39.42731	-80.19643
39.42688	-80.19674
39.42636	-80.19708
39.42595	-80.19730
39.42590	-80.19732
39.42575	-80.19740
39.42545	-80.19754
39.42487	-80.19776
39.42444	-80.19788
39.42396	-80.19799
39.41925	-80.19889
39.41846	-80.19909
39.41795	-80.19925
39.41793	-80.19926
39.41768	-80.19933
39.41703	-80.19955
39.41604	-80.19996
39.41561	-80.20015
39.41467	-80.20063
39.41392	-80.20107
39.41259	-80.20194
39.40929	-80.20423
39.40884	-80.20446
39.40875	-80.20450
39.40822	-80.20467
39.40782	-80.20474
39.40743	-80.20474
39.40708	-80.20472
39.40685	-80.20468
39.40661	-80.20462
39.40642	-80.20456
39.40616	-80.20445
39.40574	-80.20424
39.40554	-80.20412
39.40390	-80.20323
39.40308	-80.20278
39.40275	-80.20262
39.40249	-80.20251
39.40213	-80.20238
39.40133	-80.20219
39.40099	-80.20215
39.40063	-80.20212
39.40011	-80.20214
39.39994	-80.20215
39.39962	-80.20219
39.39915	-80.20228
39.39853	-80.20248
39.39831	-80.20257
39.39800	-80.20271
39.39773	-80.20285
39.39734	-80.20309
39.39705	-80.20329
39.39349	-80.20619
39.39310	-80.20646
39.39270	-80.20671
39.39222	-80.20697
39.39168	-80.20722
39.39108	-80.20746
39.39051	-80.20764
39.38855	-80.20810
39.38618	-80.20868
39.38559	-80.20884
39.38508	-80.20900
39.38448	-80.20922
39.37812	-80.21183
39.37759	-80.21204
39.37619	-80.21253
39.37594	-80.21260
39.37563	-80.21271
39.37372	-80.21317
39.37222	-80.21343
39.37163	-80.21351
39.36579	-80.21413
39.36413	-80.21443
39.36151	-80.21520
39.35607	-80.21698
39.34569	-80.22027
39.34314	-80.22110
39.34280	-80.22119
39.33966	-80.22218
39.33908	-80.22237
39.33845	-80.22264
39.33800	-80.22286
39.33710	-80.22339
39.33670	-80.22366
39.33613	-80.22412
39.33592	-80.22430
39.33501	-80.22522
39.33482	-80.22546
39.33468	-80.22561
39.33439	-80.22601
39.33426	-80.22622
39.33398	-80.22661
39.33368	-80.22708
39.33314	-80.22808
39.33170	-80.23098
39.33162	-80.23127
39.33048	-80.23391
39.33036	-80.23414
39.32974	-80.23499
39.32936	-80.23545
39.32924	-80.23577
39.32921	-80.23594
39.32922	-80.23613
39.32927	-80.23639
39.32939	-80.23664
39.32947	-80.23678
39.33147	-80.23817
39.33202	-80.23858
39.33243	-80.23898
39.33276	-80.23940
39.33303	-80.23989
39.33318	-80.24026
39.33333	-80.24075
39.33341	-80.24135
39.33342	-80.24188
39.33339	-80.24241
39.33327	-80.24295
39.33290	-80.24389
39.33234	-80.24334
39.33222	-80.24323
39.33212	-80.24316
39.33193	-80.24309
39.33183	-80.24301
39.33176	-80.24293
39.33082	-80.24073
39.33058	-80.24079
39.33045	-80.24084
39.33020	-80.24105
39.33016	-80.24097
39.33003	-80.24075
39.32993	-80.24066
39.32952	-80.24038
39.32941	-80.24033
39.32928	-80.24025
39.32901	-80.24018
39.32880	-80.24016
39.32857	-80.24019
39.32840	-80.24026
39.32824	-80.24039
39.32810	-80.24054
39.32798	-80.24070
39.32793	-80.24081
39.32790	-80.24093
39.32789	-80.24105
39.32791	-80.24143
39.32776	-80.24147
39.32756	-80.24151
39.32734	-80.24153
39.32714	-80.24151
39.32692	-80.24145
39.32664	-80.24131
39.32645	-80.24116
39.32633	-80.24101
39.32620	-80.24082
39.32608	-80.24056
39.32598	-80.24026
39.32594	-80.23997
39.32596	-80.23969
39.32600	-80.23950
39.32609	-80.23926
39.32622	-80.23899
39.32634	-80.23881
39.32670	-80.23840
39.32684	-80.23829
39.32706	-80.23817
39.32729	-80.23808
39.32750	-80.23805
39.32789	-80.23803
39.32825	-80.23808
39.32870	-80.23819
39.32999	-80.23873
39.33054	-80.23900
39.33120	-80.23938
39.33188	-80.23976
39.33216	-80.24013
39.33225	-80.24035
39.33237	-80.24071
39.33243	-80.24067
39.33272	-80.24051
39.33290	-80.24043
39.33308	-80.24033
39.33291	-80.23993
39.33277	-80.23965
39.33255	-80.23933
39.33211	-80.23888
39.32904	-80.23667
39.32882	-80.23653
39.32861	-80.23637
39.32832	-80.23617
39.32759	-80.23561
39.32692	-80.23512
39.32591	-80.23442
39.32551	-80.23415
39.32549	-80.23414
39.32516	-80.23405
39.32496	-80.23402
39.32484	-80.23402
39.32466	-80.23405
39.32450	-80.23410
39.32434	-80.23418
39.32416	-80.23431
39.32402	-80.23445
39.32387	-80.23463
39.32360	-80.23508
39.32355	-80.23520
39.32352	-80.23539
39.32351	-80.23547
39.32352	-80.23556
39.32352	-80.23564
39.32353	-80.23573
39.32357	-80.23592
39.32364	-80.23610
39.32372	-80.23623
39.32382	-80.23635
39.32386	-80.23640
39.32401	-80.23650
39.32410	-80.23654
39.32425	-80.23659
39.32431	-80.23660
39.32436	-80.23660
39.32445	-80.23659
39.32453	-80.23657
39.32465	-80.23652
39.32512	-80.23625
39.32555	-80.23598
39.32587	-80.23581
39.32608	-80.23580
39.32759	-80.23519
39.32791	-80.23505
39.32827	-80.23486
39.32864	-80.23464
39.32894	-80.23444
39.32925	-80.23419
39.32962	-80.23383
39.32993	-80.23350
39.33021	-80.23315
39.33056	-80.23265
39.33082	-80.23223
39.33170	-80.23048
39.33245	-80.22892
39.33340	-80.22707
39.33361	-80.22670
39.33424	-80.22581
39.33476	-80.22514
39.33499	-80.22488
39.33546	-80.22439
39.33668	-80.22332
39.33725	-80.22292
39.33787	-80.22256
39.33885	-80.22214
39.33943	-80.22194
39.36358	-80.21433
39.36468	-80.21407
39.36538	-80.21394
39.37162	-80.21328
39.37199	-80.21322
39.37236	-80.21318
39.37408	-80.21287
39.37468	-80.21273
39.37643	-80.21223
39.37740	-80.21189
39.38468	-80.20891
39.38575	-80.20856
39.39028	-80.20748
39.39071	-80.20736
39.39101	-80.20726
39.39166	-80.20700
39.39206	-80.20681
39.39254	-80.20655
39.39268	-80.20647
39.39302	-80.20624
39.39319	-80.20614
39.39348	-80.20593
39.39481	-80.20486
39.39646	-80.20351
39.39657	-80.20341
39.39727	-80.20288
39.39784	-80.20256
39.39808	-80.20244
39.39856	-80.20225
39.39905	-80.20208
39.39940	-80.20200
39.39964	-80.20196
39.40000	-80.20192
39.40049	-80.20190
39.40088	-80.20191
39.40111	-80.20193
39.40164	-80.20202
39.40228	-80.20220
39.40259	-80.20231
39.40286	-80.20243
39.40413	-80.20310
39.40557	-80.20390
39.40610	-80.20417
39.40626	-80.20424
39.40664	-80.20438
39.40694	-80.20445
39.40739	-80.20451
39.40765	-80.20451
39.40792	-80.20449
39.40805	-80.20447
39.40827	-80.20442
39.40855	-80.20433
39.40883	-80.20421
39.40920	-80.20402
39.40945	-80.20387
39.41316	-80.20127
39.41349	-80.20105
39.41376	-80.20090
39.41409	-80.20069
39.41465	-80.20039
39.41577	-80.19983
39.41631	-80.19959
39.41706	-80.19930
39.41741	-80.19918
39.41793	-80.19901
39.41881	-80.19876
39.42345	-80.19786
39.42408	-80.19774
39.42455	-80.19763
39.42506	-80.19747
39.42541	-80.19733
39.42581	-80.19715
39.42640	-80.19683
39.42670	-80.19664
39.42736	-80.19617
39.42770	-80.19588
39.42832	-80.19528
39.42879	-80.19474
39.42916	-80.19425
39.42948	-80.19379
39.42970	-80.19344
39.43009	-80.19273
39.43045	-80.19196
39.43225	-80.18731
39.43225	-80.18730
39.43229	-80.18718
39.43230	-80.18718
39.43263	-80.18630
39.43277	-80.18594
39.43304	-80.18535
39.43334	-80.18479
39.43354	-80.18447
39.43394	-80.18395
39.43527	-80.18242
39.43573	-80.18187
39.43610	-80.18139
39.43638	-80.18099
39.43676	-80.18036
39.43883	-80.17623
39.43902	-80.17588
39.43914	-80.17563
39.43929	-80.17536
39.43937	-80.17518
39.44131	-80.17128
39.44187	-80.17025
39.44237	-80.16928
39.44295	-80.16822
39.44433	-80.16588
39.44528	-80.16430
39.44562	-80.16375
39.44613	-80.16283
39.44655	-80.16201
39.44729	-80.16050
39.44984	-80.15494
39.45037	-80.15377
39.45130	-80.15186
39.45167	-80.15120
39.45210	-80.15049
39.45258	-80.14978
39.45331	-80.14882
39.45355	-80.14853
39.45416	-80.14785
39.45460	-80.14739
39.45706	-80.14499
39.45844	-80.14366
39.45896	-80.14316
39.45917	-80.14292
39.46018	-80.14195
39.46034	-80.14179
39.46095	-80.14112
39.46138	-80.14060
39.46201	-80.13979
39.46370	-80.13749
39.46407	-80.13701
39.46436	-80.13663
39.46443	-80.13655
39.46486	-80.13599
39.46496	-80.13588
39.46501	-80.13559
39.46512	-80.13529
39.46519	-80.13501
39.46521	-80.13485
39.46522	-80.13475
39.46522	-80.13462
39.46520	-80.13437
39.46516	-80.13416
39.46514	-80.13408
39.46494	-80.13353
39.46478	-80.13315
39.46464	-80.13276
39.46453	-80.13240
39.46449	-80.13221
39.46445	-80.13193
39.46445	-80.13179
39.46446	-80.13164
39.46448	-80.13150
39.46453	-80.13132
39.46456	-80.13122
39.46469	-80.13094
39.46574	-80.12913
39.46583	-80.12897
39.46860	-80.13167
39.46907	-80.13213
39.46955	-80.13257
39.46994	-80.13289
39.46999	-80.13294
39.47034	-80.13316
39.47058	-80.13327
39.47071	-80.13330
39.47168	-80.13375
39.47278	-80.13432
39.47302	-80.13443
39.47337	-80.13462
39.47451	-80.13509
39.47585	-80.13575
39.47589	-80.13571
39.47595	-80.13568
39.47598	-80.13567
39.47605	-80.13567
39.47609	-80.13569
39.47611	-80.13570
39.47615	-80.13573
39.47616	-80.13575
39.47620	-80.13579
39.47622	-80.13584
39.47623	-80.13587
39.47623	-80.13590
39.47624	-80.13593
39.47624	-80.13597
39.47848	-80.13702
39.47853	-80.13697
39.47859	-80.13693
39.47862	-80.13692
39.47871	-80.13692
39.47877	-80.13694
39.47880	-80.13696
39.47887	-80.13703
39.47889	-80.13707
39.47891	-80.13713
39.47892	-80.13717
39.47893	-80.13725
39.47893	-80.13730
39.47892	-80.13733
39.47892	-80.13736
39.47890	-80.13741
39.47885	-80.13750
39.47882	-80.13753
39.47879	-80.13756
39.47871	-80.13759
39.47865	-80.13759
39.47856	-80.13755
39.47854	-80.13752
39.47847	-80.13744
39.47846	-80.13741
39.47844	-80.13737
39.47843	-80.13734
39.47841	-80.13730
39.47841	-80.13725
39.47668	-80.13635
39.47620	-80.13613
39.47617	-80.13618
39.47615	-80.13620
39.47613	-80.13621
39.47611	-80.13623
39.47605	-80.13626
39.47598	-80.13626
39.47594	-80.13625
39.47592	-80.13623
39.47589	-80.13622
39.47586	-80.13619
39.47583	-80.13614
39.47581	-80.13612
39.47579	-80.13606
39.47579	-80.13603
39.47578	-80.13600
39.47578	-80.13591
39.47389	-80.13505
39.47153	-80.13388
39.47121	-80.13373
39.47120	-80.13373
39.47065	-80.13350
39.46995	-80.13310
39.46973	-80.13295
39.46924	-80.13254
39.46892	-80.13224
39.46825	-80.13156
39.46796	-80.13130
39.46608	-80.12943
39.46574	-80.12913
39.46501	-80.13037
39.46469	-80.13094
39.46456	-80.13122
39.46448	-80.13150
39.46446	-80.13164
39.46445	-80.13179
39.46445	-80.13193
39.46449	-80.13221
39.46453	-80.13240
39.46464	-80.13259
39.46469	-80.13266
39.46482	-80.13288
39.46491	-80.13298
39.46496	-80.13306
39.46505	-80.13315
39.46512	-80.13321
39.46518	-80.13325
39.46529	-80.13331
39.46549	-80.13339
39.46568	-80.13343
39.46588	-80.13345
39.46605	-80.13343
39.46613	-80.13341
39.46632	-80.13334
39.46641	-80.13329
39.46654	-80.13320
39.46676	-80.13302
39.46715	-80.13264
39.46738	-80.13239
39.46753	-80.13220
39.46782	-80.13176
39.46836	-80.13080
39.46844	-80.13068
39.46848	-80.13064
39.46850	-80.13061
39.46867	-80.13046
39.46889	-80.13001
39.46941	-80.12878
39.47014	-80.12667
39.47019	-80.12649
39.47202	-80.12090
39.47213	-80.12059
39.47228	-80.12022
39.47249	-80.11973
39.47264	-80.11942
39.47310	-80.11856
39.47331	-80.11820
39.47350	-80.11791
39.47409	-80.11711
39.47545	-80.11552
39.47591	-80.11494
39.47611	-80.11466
39.47640	-80.11417
39.47653	-80.11392
39.47676	-80.11336
39.47685	-80.11308
39.47697	-80.11262
39.47709	-80.11198
39.47718	-80.11127
39.47735	-80.10935
39.47745	-80.10859
39.47752	-80.10825
39.47762	-80.10787
39.47772	-80.10756
39.47789	-80.10712
39.47813	-80.10658
39.48101	-80.10111
39.48156	-80.10002
39.48191	-80.09939
39.48232	-80.09877
39.48261	-80.09840
39.48303	-80.09793
39.48327	-80.09769
39.48375	-80.09727
39.48432	-80.09686
39.48484	-80.09653
39.48653	-80.09538
39.48700	-80.09501
39.48728	-80.09473
39.48739	-80.09461
39.48741	-80.09458
39.48753	-80.09444
39.48796	-80.09382
39.48810	-80.09360
39.48839	-80.09303
39.48869	-80.09214
39.48883	-80.09147
39.48894	-80.09060
39.48907	-80.08925
39.48950	-80.08522
39.48963	-80.08443
39.48979	-80.08376
39.48998	-80.08313
39.49018	-80.08254
39.49032	-80.08220
39.49067	-80.08145
39.49097	-80.08088
39.49139	-80.08022
39.49168	-80.07983
39.49184	-80.07963
39.49234	-80.07909
39.49284	-80.07861
39.49332	-80.07821
39.49415	-80.07759
39.49902	-80.07412
39.49982	-80.07354
39.50033	-80.07319
39.50211	-80.07190
39.50261	-80.07157
39.50380	-80.07094
39.50458	-80.07059
39.50478	-80.07051
39.50510	-80.07036
39.50669	-80.06970
39.50847	-80.06892
39.50924	-80.06855
39.50953	-80.06838
39.51006	-80.06802
39.51085	-80.06734
39.51098	-80.06722
39.51127	-80.06691
39.51182	-80.06624
39.51216	-80.06573
39.51238	-80.06537
39.51391	-80.06268
39.51447	-80.06171
39.51496	-80.06088
39.51532	-80.06019
39.51549	-80.05985
39.51572	-80.05929
39.51593	-80.05867
39.51607	-80.05820
39.51622	-80.05756
39.51630	-80.05719
39.51639	-80.05663
39.51642	-80.05637
39.51664	-80.05274
39.51679	-80.05034
39.51682	-80.04973
39.51688	-80.04918
39.51701	-80.04832
39.51720	-80.04752
39.51736	-80.04696
39.51758	-80.04633
39.51768	-80.04605
39.51792	-80.04550
39.51924	-80.04283
39.51941	-80.04247
39.51970	-80.04178
39.51994	-80.04111
39.52010	-80.04055
39.52025	-80.03998
39.52034	-80.03952
39.52040	-80.03918
39.52045	-80.03872
39.52047	-80.03858
39.52052	-80.03787
39.52053	-80.03707
39.52050	-80.03645
39.52031	-80.03422
39.52026	-80.03327
39.52028	-80.03234
39.52035	-80.03162
39.52042	-80.03109
39.52142	-80.02481
39.52147	-80.02455
39.52154	-80.02405
39.52158	-80.02346
39.52159	-80.02288
39.52155	-80.02218
39.52147	-80.02162
39.52140	-80.02123
39.52124	-80.02062
39.52101	-80.01991
39.52056	-80.01864
39.52028	-80.01778
39.52008	-80.01687
39.52005	-80.01667
39.52002	-80.01636
39.52001	-80.01543
39.52003	-80.01502
39.52010	-80.01454
39.52024	-80.01384
39.52038	-80.01337
39.52054	-80.01294
39.52081	-80.01237
39.52122	-80.01173
39.52155	-80.01132
39.52193	-80.01093
39.52252	-80.01047
39.52298	-80.01021
39.52335	-80.01004
39.52520	-80.00929
39.52598	-80.00896
39.52630	-80.00880
39.52665	-80.00857
39.52685	-80.00842
39.52724	-80.00808
39.52759	-80.00770
39.52783	-80.00739
39.52809	-80.00700
39.52825	-80.00675
39.52849	-80.00631
39.52875	-80.00574
39.52888	-80.00540
39.53095	-79.99925
39.53116	-79.99872
39.53131	-79.99839
39.53178	-79.99762
39.53201	-79.99731
39.53219	-79.99711
39.53248	-79.99683
39.53259	-79.99673
39.53285	-79.99653
39.53299	-79.99642
39.53320	-79.99629
39.53411	-79.99582
39.53516	-79.99531
39.53550	-79.99512
39.53593	-79.99485
39.53615	-79.99469
39.53657	-79.99433
39.53679	-79.99410
39.53712	-79.99371
39.53737	-79.99335
39.53742	-79.99329
39.53770	-79.99282
39.53969	-79.98916
39.54017	-79.98830
39.54035	-79.98796
39.54056	-79.98760
39.54084	-79.98716
39.54096	-79.98699
39.54098	-79.98697
39.54119	-79.98670
39.54142	-79.98643
39.54176	-79.98607
39.54180	-79.98604
39.54194	-79.98591
39.54246	-79.98549
39.54280	-79.98526
39.54320	-79.98503
39.54353	-79.98487
39.54381	-79.98476
39.54442	-79.98456
39.54476	-79.98449
39.54509	-79.98444
39.54537	-79.98442
39.54584	-79.98442
39.54953	-79.98480
39.55129	-79.98499
39.55194	-79.98505
39.55250	-79.98505
39.55282	-79.98501
39.55313	-79.98495
39.55747	-79.98363
39.55898	-79.98318
39.55974	-79.98301
39.56277	-79.98255
39.56286	-79.98253
39.56626	-79.98201
39.56692	-79.98186
39.56721	-79.98175
39.56771	-79.98152
39.56794	-79.98138
39.56823	-79.98118
39.56850	-79.98098
39.56875	-79.98077
39.57088	-79.97871
39.57218	-79.97742
39.57244	-79.97718
39.57304	-79.97669
39.57325	-79.97655
39.57335	-79.97649
39.57342	-79.97644
39.57359	-79.97634
39.57468	-79.97583
39.57491	-79.97576
39.57566	-79.97559
39.57592	-79.97555
39.57629	-79.97554
39.57682	-79.97554
39.57721	-79.97558
39.57748	-79.97562
39.57770	-79.97567
39.57816	-79.97581
39.57858	-79.97598
39.57887	-79.97614
39.57920	-79.97635
39.57947	-79.97654
39.58037	-79.97728
39.58139	-79.97816
39.58177	-79.97843
39.58197	-79.97855
39.58236	-79.97874
39.58250	-79.97880
39.58286	-79.97891
39.58298	-79.97895
39.58306	-79.97896
39.58313	-79.97898
39.58322	-79.97899
39.58331	-79.97901
39.58348	-79.97903
39.58476	-79.97911
39.58560	-79.97912
39.58598	-79.97914
39.58665	-79.97915
39.58694	-79.97917
39.58739	-79.97918
39.58755	-79.97919
39.58789	-79.97919
39.58991	-79.97926
39.59005	-79.97926
39.59103	-79.97933
39.59122	-79.97936
39.59163	-79.97945
39.59187	-79.97952
39.59221	-79.97965
39.59258	-79.97984
39.59293	-79.98005
39.59319	-79.98025
39.59339	-79.98043
39.59361	-79.98065
39.59390	-79.98097
39.59406	-79.98118
39.59446	-79.98179
39.59502	-79.98280
39.59518	-79.98307
39.59658	-79.98568
39.59693	-79.98629
39.59771	-79.98751
39.59785	-79.98771
39.59853	-79.98855
39.59891	-79.98898
39.59947	-79.98957
39.60028	-79.99032
39.60068	-79.99065
39.60137	-79.99117
39.60171	-79.99139
39.60202	-79.99158
39.60266	-79.99194
39.60371	-79.99244
39.60400	-79.99255
39.60466	-79.99275
39.60582	-79.99305
39.60644	-79.99316
39.60682	-79.99320
39.60724	-79.99322
39.60747	-79.99324
39.60826	-79.99322
39.60903	-79.99316
39.60961	-79.99308
39.61013	-79.99299
39.61059	-79.99288
39.61105	-79.99274
39.61190	-79.99244
39.62192	-79.98839
39.62209	-79.98832
39.62282	-79.98809
39.62349	-79.98794
39.62370	-79.98791
39.62408	-79.98788
39.62495	-79.98785
39.62522	-79.98779
39.62549	-79.98778
39.62631	-79.98779
39.62661	-79.98777
39.62675	-79.98774
39.62704	-79.98764
39.62788	-79.98731
39.62795	-79.98729
39.62801	-79.98726
39.62812	-79.98724
39.62816	-79.98724
39.62818	-79.98725
39.62820	-79.98725
39.62823	-79.98726
39.62826	-79.98728
39.62831	-79.98733
39.62833	-79.98737
39.62851	-79.98766
39.62921	-79.98721
39.62954	-79.98692
39.62967	-79.98684
39.62984	-79.98662
39.62989	-79.98655
39.63009	-79.98620
39.63088	-79.98467
39.63121	-79.98409
39.63136	-79.98387
39.63195	-79.98311
39.63229	-79.98271
39.63240	-79.98255
39.63247	-79.98246
39.63319	-79.98133
39.63325	-79.98121
39.63327	-79.98115
39.63330	-79.98109
39.63332	-79.98103
39.63333	-79.98095
39.63339	-79.98072
39.63346	-79.98017
39.63347	-79.98003
39.63348	-79.97998
39.63348	-79.97984
39.63347	-79.97978
39.63347	-79.97973
39.63338	-79.97941
39.63306	-79.97864
39.63275	-79.97782
39.63272	-79.97771
39.63268	-79.97760
39.63258	-79.97721
39.63246	-79.97669
39.63245	-79.97661
39.63244	-79.97660
39.63243	-79.97648
39.63242	-79.97644
39.63233	-79.97537
39.63233	-79.97488
39.63234	-79.97480
39.63253	-79.97401
39.63259	-79.97370
39.63260	-79.97366
39.63260	-79.97355
39.63261	-79.97348
39.63260	-79.97338
39.63260	-79.97320
39.63248	-79.97262
39.63245	-79.97250
39.63243	-79.97229
39.63243	-79.97218
39.63244	-79.97209
39.63246	-79.97201
39.63255	-79.97179
39.63262	-79.97163
39.63276	-79.97148
39.63283	-79.97143
39.63290	-79.97139
39.63305	-79.97132
39.63319	-79.97128
39.63384	-79.97114
39.63401	-79.97111
39.63422	-79.97104
39.63428	-79.97100
39.63439	-79.97091
39.63444	-79.97085
39.63451	-79.97074
39.63459	-79.97060
39.63463	-79.97051
39.63464	-79.97046
39.63466	-79.97041
39.63467	-79.97037
39.63467	-79.97031
39.63468	-79.97020
39.63468	-79.97004
39.63466	-79.96987
39.63460	-79.96964
39.63416	-79.96848
39.63408	-79.96824
39.63392	-79.96783
39.63368	-79.96719
39.63358	-79.96686
39.63356	-79.96669
39.63355	-79.96662
39.63356	-79.96504
39.63354	-79.96429
39.63347	-79.96339
39.63345	-79.96317
39.63345	-79.96302
39.63346	-79.96296
39.63346	-79.96291
39.63348	-79.96285
39.63349	-79.96279
39.63359	-79.96249
39.63367	-79.96222
39.63377	-79.96196
39.63383	-79.96177
39.63385	-79.96164
39.63385	-79.96157
39.63384	-79.96147
39.63381	-79.96143
39.63378	-79.96140
39.63366	-79.96134
39.63358	-79.96132
39.63339	-79.96128
39.63309	-79.96124
39.63295	-79.96123
39.63290	-79.96122
39.63280	-79.96121
39.63262	-79.96121
39.63226	-79.96125
39.63200	-79.96129
39.63178	-79.96129
39.63162	-79.96126
39.63162	-79.96125
39.63152	-79.96117
39.63105	-79.96049
39.62976	-79.95842
39.62971	-79.95847
39.62939	-79.95874
39.62966	-79.95932
39.62959	-79.95934
39.62918	-79.95963
39.62916	-79.95965
39.62877	-79.95994
39.62873	-79.95995
39.62842	-79.95992
39.62816	-79.95977
39.62869	-79.95936
39.62939	-79.95874
39.62971	-79.95847
39.62976	-79.95842
39.63017	-79.95807
39.63029	-79.95795
39.63058	-79.95770
39.63067	-79.95761
39.63181	-79.95666
39.63191	-79.95664
39.63197	-79.95662
39.63337	-79.95658
39.63408	-79.95657
39.63412	-79.95656
39.63444	-79.95656
39.63489	-79.95658
39.63516	-79.95661
39.63555	-79.95668
39.63588	-79.95678
39.63595	-79.95679
39.63643	-79.95691
39.63649	-79.95693
39.63660	-79.95699
39.63682	-79.95714
39.63730	-79.95753
39.63881	-79.95867
39.63894	-79.95874
39.63967	-79.95926
39.63977	-79.95934
39.63985	-79.95948
39.64023	-79.96004
39.64029	-79.96014
39.64039	-79.96027
39.64093	-79.96107
39.64095	-79.96111
39.64161	-79.96206
39.64202	-79.96270
39.64211	-79.96276
39.64237	-79.96322
39.64272	-79.96284
39.64293	-79.96258
39.64434	-79.96181
39.64539	-79.96119
39.64608	-79.96075
39.64650	-79.96046
39.64678	-79.96025
39.64704	-79.96008
39.64727	-79.95991
39.64747	-79.95985
39.64746	-79.96053
39.64748	-79.96070
39.64746	-79.96077
39.64756	-79.96101
39.64990	-79.96505
39.65003	-79.96518
39.65036	-79.96556
39.64992	-79.96599
39.64945	-79.96643
39.64888	-79.96698
39.64885	-79.96687
39.64885	-79.96681
39.64884	-79.96671
39.64885	-79.96662
39.64889	-79.96649
39.64892	-79.96643
39.64895	-79.96639
39.64900	-79.96635
39.64910	-79.96630
39.64923	-79.96628
39.64932	-79.96630
39.64938	-79.96633
39.64945	-79.96643
39.65036	-79.96556
39.65052	-79.96567
39.65059	-79.96573
39.65074	-79.96582
39.65115	-79.96622
39.65123	-79.96632
39.65151	-79.96661
39.65160	-79.96672
39.65171	-79.96633
39.65203	-79.96481
39.65213	-79.96436
39.65222	-79.96402
39.65230	-79.96383
39.65237	-79.96373
39.65253	-79.96360
39.65259	-79.96357
39.65266	-79.96355
39.65278	-79.96353
39.65285	-79.96353
39.65292	-79.96352
39.65307	-79.96352
39.65320	-79.96353
39.65321	-79.96354
39.65327	-79.96353
39.65363	-79.96352
39.65432	-79.96349
39.65433	-79.96335
39.65438	-79.96301
39.65442	-79.96279
39.65443	-79.96261
39.65445	-79.96256
39.65453	-79.96218
39.65457	-79.96196
39.65457	-79.96180
39.65460	-79.96165
39.65460	-79.96162
39.65465	-79.96151
39.65470	-79.96144
39.65476	-79.96139
39.65482	-79.96136
39.65499	-79.96125
39.65506	-79.96146
39.65516	-79.96189
39.65518	-79.96209
39.65520	-79.96262
39.65521	-79.96345
39.65327	-79.96353
39.65321	-79.96354
39.65320	-79.96353
39.65307	-79.96352
39.65292	-79.96352
39.65285	-79.96353
39.65278	-79.96353
39.65266	-79.96355
39.65259	-79.96357
39.65253	-79.96360
39.65244	-79.96367
39.65237	-79.96373
39.65230	-79.96383
39.65222	-79.96402
39.65213	-79.96436
39.65171	-79.96633
39.65160	-79.96672
39.65134	-79.96794
39.65119	-79.96852
39.65100	-79.96941
39.65100	-79.96944
39.64890	-79.97837
39.64897	-79.97881
39.64903	-79.97902
39.64907	-79.97915
39.64912	-79.97928
39.64918	-79.97935
39.65117	-79.98131
39.65125	-79.98145
39.65151	-79.98172
39.65189	-79.98207
39.65257	-79.98277
39.65299	-79.98317
39.65353	-79.98377
39.65371	-79.98401
39.65386	-79.98419
39.65414	-79.98458
39.65439	-79.98495
39.65561	-79.98700
39.65678	-79.98907
39.65693	-79.98920
39.65693	-79.98921
39.65725	-79.98984
39.65737	-79.99014
39.65751	-79.99054
39.65758	-79.99089
39.65767	-79.99138
39.65768	-79.99147
39.65770	-79.99155
39.65771	-79.99163
39.65821	-79.99397
39.65838	-79.99468
39.65943	-79.99994
39.65944	-80.00043
39.65942	-80.00071
39.65936	-80.00096
39.65929	-80.00118
39.65883	-80.00169
39.65856	-80.00202
39.65830	-80.00242
39.65826	-80.00251
39.65820	-80.00262
39.65813	-80.00279
39.65800	-80.00306
39.65765	-80.00392
39.65707	-80.00524
39.65647	-80.00664
39.65603	-80.00779
39.65598	-80.00798
39.65571	-80.00872
39.65567	-80.00895
39.65565	-80.00922
39.65567	-80.00944
39.65573	-80.00969
39.65577	-80.00980
39.65587	-80.01001
39.65594	-80.01012
39.65602	-80.01022
39.65613	-80.01033
39.65620	-80.01039
39.65631	-80.01045
39.65643	-80.01050
39.65657	-80.01054
39.65723	-80.01060
39.65759	-80.01073
39.65999	-80.01088
39.66058	-80.01093
39.66100	-80.01101
39.66118	-80.01105
39.66158	-80.01119
39.66196	-80.01138
39.66237	-80.01163
39.66256	-80.01177
39.66293	-80.01210
39.66310	-80.01227
39.66339	-80.01261
39.66371	-80.01307
39.66403	-80.01363
39.66435	-80.01432
39.66677	-80.02099
39.66678	-80.02103
39.66812	-80.02472
39.66847	-80.02571
39.66867	-80.02621
39.66900	-80.02686
39.66936	-80.02737
39.66971	-80.02778
39.66991	-80.02798
39.67046	-80.02844
39.67078	-80.02864
39.67189	-80.02928
39.67215	-80.02947
39.67263	-80.02987
39.67305	-80.03029
39.67326	-80.03052
39.67357	-80.03093
39.67388	-80.03142
39.67403	-80.03166
39.67440	-80.03241
39.67511	-80.03376
39.67532	-80.03412
39.67573	-80.03476
39.67622	-80.03544
39.67675	-80.03608
39.67749	-80.03681
39.67775	-80.03704
39.67847	-80.03761
39.67912	-80.03805
39.67954	-80.03829
39.67985	-80.03845
39.68057	-80.03876
39.68126	-80.03900
39.68167	-80.03911
39.68190	-80.03916
39.68258	-80.03926
39.68332	-80.03932
39.68508	-80.03932
39.68587	-80.03935
39.68613	-80.03938
39.68649	-80.03944
39.68680	-80.03951
39.68737	-80.03968
39.68763	-80.03979
39.68790	-80.03992
39.68824	-80.04011
39.68890	-80.04057
39.68967	-80.04115
39.69029	-80.04157
39.69053	-80.04172
39.69115	-80.04205
39.69138	-80.04215
39.69288	-80.04267
39.69365	-80.04292
39.69456	-80.04325
39.69481	-80.04336
39.69545	-80.04369
39.69592	-80.04398
39.69651	-80.04438
39.69742	-80.04515
39.69763	-80.04534
39.69790	-80.04561
39.69804	-80.04577
39.69821	-80.04594
39.69860	-80.04641
39.69993	-80.04814
39.70010	-80.04834
39.70217	-80.05103
39.70232	-80.05124
39.70276	-80.05180
39.70347	-80.05258
39.70393	-80.05302
39.70480	-80.05371
39.70519	-80.05399
39.70589	-80.0544
39.70649	-80.05468
39.70673	-80.05480
39.70696	-80.05489
39.70738	-80.05503
39.70789	-80.05517
39.70897	-80.05540
39.70938	-80.05546
39.70966	-80.05553
39.71019	-80.05570
39.71048	-80.05582
39.71085	-80.05600
39.71128	-80.05626
39.71151	-80.05642
39.71177	-80.05662
39.71415	-80.05863
39.71418	-80.05865
39.71614	-80.06031
39.71645	-80.06055
39.71669	-80.06072
39.71715	-80.06100
39.71747	-80.06115
39.71769	-80.06125
39.71817	-80.06141
39.71864	-80.06153
39.71893	-80.06158
39.71960	-80.06157
39.72001	-80.06154
39.72052	-80.06148
39.72071	-80.06144
39.72132	-80.06126
39.72423	-80.06054
39.73322	-80.05820
39.73420	-80.05792
39.73490	-80.05775
39.73572	-80.05749
39.73625	-80.05735
39.73678	-80.05727
39.73720	-80.05726
39.73772	-80.05737
39.73805	-80.05746
39.73823	-80.05752
39.73850	-80.05763
39.73898	-80.05788
39.73928	-80.05809
39.73971	-80.05844
39.74001	-80.05874
39.74015	-80.05890
39.74029	-80.05908
39.74053	-80.05943
39.74782	-80.07157
39.74818	-80.07221
39.74842	-80.07260
39.74890	-80.07332
39.74931	-80.07389
39.74962	-80.07429
39.75026	-80.07504
39.75124	-80.07605
39.75200	-80.07673
39.75332	-80.07779
39.75791	-80.08127
39.75816	-80.08144
39.75840	-80.08157
39.75863	-80.08168
39.75887	-80.08177
39.75932	-80.08187
39.75965	-80.08192
39.75997	-80.08195
39.76030	-80.08194
39.76067	-80.08190
39.76596	-80.08082
39.76742	-80.08051
39.76930	-80.08025
39.76966	-80.08023
39.77004	-80.08024
39.77082	-80.08036
39.77115	-80.08043
39.77180	-80.08060
39.77402	-80.08136
39.77539	-80.08177
39.77575	-80.08185
39.77609	-80.08189
39.77658	-80.08192
39.77685	-80.08192
39.77716	-80.08190
39.77754	-80.08185
39.77779	-80.08180
39.77902	-80.08143
39.77959	-80.08117
39.78003	-80.08091
39.78179	-80.07969
39.78294	-80.07890
39.78342	-80.07861
39.78387	-80.07837
39.78400	-80.07831
39.78435	-80.07818
39.78489	-80.07801
39.78544	-80.07791
39.78574	-80.07787
39.78670	-80.07780
39.78725	-80.07775
39.78859	-80.07758
39.78967	-80.07740
39.79099	-80.07722
39.79181	-80.07708
39.79253	-80.07700
39.79292	-80.07695
39.79389	-80.07694
39.79422	-80.07695
39.79455	-80.07699
39.79507	-80.07708
39.79566	-80.07726
39.79618	-80.07740
39.79695	-80.07774
39.79778	-80.07822
39.79803	-80.07838
39.79862	-80.07882
39.79887	-80.07904
39.79952	-80.07966
39.80064	-80.08083
39.80117	-80.08142
39.80207	-80.08250
39.80235	-80.08282
39.80280	-80.08342
39.80346	-80.08436
39.80428	-80.08573
39.80444	-80.08603
39.80460	-80.08630
39.80786	-80.09240
39.80821	-80.09293
39.80861	-80.09342
39.80897	-80.09375
39.80925	-80.09397
39.80963	-80.09421
39.80999	-80.09441
39.81532	-80.09697
39.81757	-80.09805
39.81841	-80.09842
39.81955	-80.09898
39.81986	-80.09913
39.82021	-80.09933
39.82076	-80.09970
39.82138	-80.10018
39.82170	-80.10045
39.82215	-80.10090
39.82932	-80.10894
39.82954	-80.10917
39.83022	-80.10978
39.83108	-80.11040
39.83175	-80.11081
39.83265	-80.11122
39.83361	-80.11154
39.83401	-80.11163
39.83499	-80.11179
39.83738	-80.11204
39.83874	-80.11222
39.83939	-80.11237
39.84063	-80.11274
39.84206	-80.11334
39.84875	-80.11642
39.84916	-80.11663
39.84933	-80.11673
39.84974	-80.11700
39.84987	-80.11709
39.85031	-80.11743
39.85055	-80.11763
39.85145	-80.11845
39.85223	-80.11923
39.85322	-80.12007
39.85366	-80.12040
39.85384	-80.12052
39.85438	-80.12082
39.85466	-80.12096
39.85519	-80.12119
39.86350	-80.12453
39.86428	-80.12492
39.86477	-80.12523
39.86492	-80.12533
39.86536	-80.12569
39.86594	-80.12622
39.86617	-80.12647
39.86648	-80.12683
39.86704	-80.12756
39.86724	-80.12785
39.86856	-80.12963
39.86865	-80.12973
39.86872	-80.12982
39.86889	-80.13001
39.86904	-80.13016
39.86934	-80.13043
39.86952	-80.13058
39.86983	-80.13080
39.87000	-80.13091
39.87020	-80.13102
39.87062	-80.13121
39.87094	-80.13133
39.87620	-80.13276
39.87717	-80.13299
39.87756	-80.13305
39.87778	-80.13309
39.87793	-80.13310
39.87824	-80.13314
39.87881	-80.13319
39.87909	-80.13320
39.88014	-80.13319
39.88440	-80.13287
39.88490	-80.13285
39.88558	-80.13288
39.88583	-80.13290
39.88645	-80.13298
39.88685	-80.13306
39.88733	-80.13319
39.88777	-80.13334
39.88807	-80.13345
39.88847	-80.13362
39.88881	-80.13379
39.88902	-80.13389
39.88973	-80.13430
39.88987	-80.13441
39.89040	-80.13478
39.89065	-80.13498
39.89098	-80.13527
39.89123	-80.13550
39.89170	-80.13597
39.89433	-80.13897
39.89653	-80.14148
39.89817	-80.14329
39.89925	-80.14438
39.89982	-80.14474
39.89991	-80.14478
39.89998	-80.14480
39.90012	-80.14482
39.90019	-80.14481
39.90026	-80.14479
39.90034	-80.14475
39.90040	-80.14471
39.90046	-80.14466
39.90054	-80.14457
39.90060	-80.14449
39.90064	-80.14442
39.90071	-80.14426
39.90073	-80.14419
39.90075	-80.14404
39.90075	-80.14396
39.90074	-80.14387
39.90070	-80.14367
39.90065	-80.14354
39.90061	-80.14346
39.90056	-80.14338
39.90051	-80.14332
39.90040	-80.14321
39.90025	-80.14315
39.90017	-80.14313
39.90012	-80.14313
39.90007	-80.14314
39.89999	-80.14314
39.89931	-80.14328
39.89896	-80.14334
39.89883	-80.14335
39.89844	-80.13975
39.89832	-80.13831
39.89832	-80.13743
39.89833	-80.13710
39.89836	-80.13685
39.89839	-80.13678
39.89846	-80.13514
39.89861	-80.13501
39.89866	-80.13488
39.89868	-80.13469
39.89882	-80.13139
39.89866	-80.13137
39.89845	-80.13529
39.89839	-80.13678
39.89841	-80.13689
39.89843	-80.13831
39.89852	-80.13937
39.89874	-80.14143
39.89894	-80.14320
39.89904	-80.14320
39.89917	-80.14319
39.89991	-80.14306
39.90004	-80.14305
39.90015	-80.14305
39.90021	-80.14307
39.90031	-80.14309
39.90036	-80.14311
39.90048	-80.14319
39.90055	-80.14325
39.90067	-80.14341
39.90074	-80.14356
39.90081	-80.14384
39.90094	-80.14491
39.90100	-80.14536
39.90104	-80.14558
39.90108	-80.14570
39.90110	-80.14577
39.90117	-80.14590
39.90122	-80.14598
39.90135	-80.14614
39.90185	-80.14659
39.90188	-80.14662
39.90189	-80.14665
39.90195	-80.14676
39.90423	-80.14874
39.90542	-80.14972
39.90544	-80.14973
39.90660	-80.15068
39.90719	-80.15121
39.90759	-80.15160
39.90779	-80.15181
39.90813	-80.15220
39.90858	-80.15278
39.91131	-80.15672
39.91212	-80.15781
39.91254	-80.15832
39.91340	-80.15927
39.91373	-80.15958
39.91477	-80.16048
39.91550	-80.16103
39.91613	-80.16146
39.91709	-80.16202
39.91758	-80.16227
39.91781	-80.16237
39.91825	-80.16257
39.91887	-80.16281
39.91933	-80.16296
39.92005	-80.16316
39.92057	-80.16328
39.92096	-80.16335
39.92169	-80.16345
39.92267	-80.16350
39.92363	-80.16348
39.92419	-80.16344
39.92659	-80.16319
39.92742	-80.16314
39.92783	-80.16316
39.92831	-80.16322
39.92885	-80.16333
39.92909	-80.16339
39.92959	-80.16356
39.93000	-80.16373
39.93086	-80.16421
39.93143	-80.16462
39.93531	-80.16797
39.93578	-80.16832
39.93591	-80.16842
39.93636	-80.16869
39.93691	-80.16897
39.93742	-80.16918
39.93779	-80.16930
39.93818	-80.16939
39.93846	-80.16944
39.93916	-80.16951
39.93967	-80.16951
39.94003	-80.16949
39.94038	-80.16943
39.94060	-80.1694
39.94075	-80.16936
39.94092	-80.16933
39.94124	-80.16923
39.94136	-80.16920
39.94178	-80.16904
39.94231	-80.16879
39.94665	-80.16626
39.94813	-80.16541
39.94853	-80.16523
39.94867	-80.16517
39.94879	-80.16513
39.94917	-80.16503
39.94942	-80.16500
39.94971	-80.16498
39.95001	-80.16499
39.95025	-80.16502
39.95070	-80.16513
39.95107	-80.16527
39.95120	-80.16533
39.95164	-80.16559
39.95179	-80.16569
39.95294	-80.16657
39.95324	-80.16678
39.95650	-80.16926
39.95693	-80.16962
39.95754	-80.17006
39.95810	-80.17047
39.95872	-80.17096
39.95905	-80.17119
39.95969	-80.17160
39.96005	-80.17179
39.96040	-80.17195
39.96078	-80.17210
39.96107	-80.17219
39.96144	-80.17230
39.96264	-80.17260
39.96331	-80.17276
39.96521	-80.17327
39.96635	-80.17365
39.96693	-80.17386
39.96786	-80.17424
39.99669	-80.18780
39.99783	-80.18827
39.99843	-80.18846
39.99898	-80.18859
39.99935	-80.18865
39.99996	-80.18870
40.00046	-80.18872
40.00080	-80.18872
40.00131	-80.18868
40.00164	-80.18864
40.00259	-80.18843
40.00321	-80.18824
40.00359	-80.18810
40.00403	-80.18790
40.00461	-80.18758
40.00480	-80.18747
40.00540	-80.18702
40.00561	-80.18684
40.00571	-80.18675
40.00606	-80.18638
40.00649	-80.18588
40.00702	-80.18510
40.00917	-80.18137
40.00962	-80.18063
40.01001	-80.18009
40.01056	-80.17940
40.01127	-80.17865
40.01184	-80.17813
40.01218	-80.17785
40.01281	-80.17740
40.01317	-80.17717
40.01412	-80.17667
40.01440	-80.17656
40.01455	-80.17649
40.01531	-80.17622
40.01721	-80.17567
40.01724	-80.17566
40.01730	-80.17565
40.01806	-80.17546
40.01807	-80.17546
40.02031	-80.17484
40.02155	-80.17446
40.02218	-80.17430
40.02272	-80.17420
40.02363	-80.17410
40.02402	-80.17409
40.02466	-80.17410
40.02525	-80.17414
40.02568	-80.17420
40.02608	-80.17427
40.02644	-80.17435
40.02712	-80.17454
40.02762	-80.17472
40.02824	-80.17496
40.03103	-80.17615
40.03144	-80.17634
40.03995	-80.17995
40.04427	-80.18180
40.04551	-80.18233
40.04698	-80.18285
40.04805	-80.18320
40.05182	-80.18422
40.05386	-80.18480
40.05394	-80.18483
40.05807	-80.18600
40.05926	-80.18630
40.06011	-80.18648
40.06085	-80.18661
40.06558	-80.18731
40.06577	-80.18735
40.06602	-80.18742
40.06620	-80.18746
40.06659	-80.18758
40.07860	-80.19194
40.07911	-80.19211
40.07943	-80.19219
40.07953	-80.19222
40.07979	-80.19228
40.08173	-80.19248
40.08929	-80.19304
40.09037	-80.19310
40.09136	-80.19311
40.09245	-80.19307
40.09470	-80.19292
40.09545	-80.19293
40.09622	-80.19301
40.09705	-80.19318
40.09748	-80.19331
40.09803	-80.19351
40.09886	-80.19388
40.09955	-80.19428
40.09997	-80.19456
40.10051	-80.19497
40.10094	-80.19534
40.10137	-80.19574
40.10196	-80.19639
40.10228	-80.19677
40.10372	-80.19874
40.10424	-80.19946
40.10463	-80.19996
40.10479	-80.20015
40.10546	-80.20082
40.10581	-80.20112
40.10619	-80.20141
40.10657	-80.20165
40.10753	-80.20213
40.10802	-80.20232
40.10827	-80.20240
40.10872	-80.20252
40.10916	-80.20260
40.10947	-80.20263
40.10990	-80.20264
40.11044	-80.20263
40.11204	-80.20254
40.11271	-80.20252
40.11337	-80.20254
40.11413	-80.20260
40.11541	-80.20281
40.11594	-80.20293
40.11648	-80.20308
40.11700	-80.20325
40.11782	-80.20356
40.11855	-80.20388
40.12085	-80.20510
40.12164	-80.20555
40.12272	-80.20622
40.12368	-80.20688
40.12443	-80.20744
40.12582	-80.20853
40.12641	-80.20893
40.12660	-80.20904
40.12700	-80.20923
40.12739	-80.20939
40.12775	-80.20950
40.12810	-80.20957
40.12832	-80.20963
40.12854	-80.20967
40.12881	-80.20968
40.12943	-80.20965
40.12999	-80.20955
40.13060	-80.20938
40.13101	-80.20924
40.13576	-80.20732
40.13631	-80.20714
40.13675	-80.20702
40.13725	-80.20691
40.14757	-80.20578
40.14778	-80.20574
40.14805	-80.20567
40.14839	-80.20556
40.14879	-80.20540
40.14920	-80.20518
40.14947	-80.20501
40.14970	-80.20485
40.14985	-80.20472
40.14993	-80.20466
40.15029	-80.20433
40.15046	-80.20416
40.15087	-80.20368
40.15096	-80.20356
40.15104	-80.20347
40.15112	-80.20336
40.15169	-80.20266
40.15240	-80.20177
40.15346	-80.20051
40.15348	-80.20040
40.15350	-80.20036
40.15351	-80.20033
40.15359	-80.20021
40.15392	-80.19981
40.15759	-80.19508
40.15785	-80.19479
40.15810	-80.19453
40.15855	-80.19413
40.15894	-80.19383
40.15914	-80.19370
40.15934	-80.19358
40.15955	-80.19347
40.16010	-80.19322
40.16036	-80.19313
40.16076	-80.19308
40.16114	-80.19309
40.16149	-80.19313
40.16183	-80.19319
40.16201	-80.19325
40.16220	-80.19333
40.16238	-80.19342
40.16249	-80.19347
40.16263	-80.19355
40.16286	-80.19372
40.16312	-80.19395
40.16350	-80.19434
40.16385	-80.19483
40.16398	-80.19503
40.16426	-80.19559
40.16445	-80.19611
40.16456	-80.19652
40.16502	-80.19932
40.16516	-80.19999
40.16528	-80.20042
40.16564	-80.20124
40.16599	-80.20180
40.16634	-80.20221
40.16801	-80.20370
40.16814	-80.20390
40.16864	-80.20429
40.16905	-80.20459
40.16984	-80.20523
40.17024	-80.20558
40.17066	-80.20602
40.17102	-80.20648
40.17150	-80.20724
40.17174	-80.20771
40.17200	-80.20833
40.17214	-80.20872
40.17249	-80.20974
40.17566	-80.21920
40.17581	-80.21960
40.17599	-80.22002
40.17604	-80.22013
40.17625	-80.22052
40.17637	-80.22073
40.17660	-80.22108
40.17687	-80.22145
40.17713	-80.22176
40.17748	-80.22211
40.17782	-80.22241
40.17839	-80.22282
40.17952	-80.22344
40.18012	-80.22375
40.18050	-80.22397
40.18093	-80.22421
40.18130	-80.22445
40.18168	-80.22473
40.18181	-80.22483
40.18216	-80.22514
40.18240	-80.22535
40.18266	-80.22561
40.18318	-80.22618
40.18355	-80.22666
40.18386	-80.22709
40.18392	-80.22716
40.18407	-80.22738
40.18459	-80.22832
40.18478	-80.22871
40.18509	-80.22943
40.18546	-80.23045
40.18562	-80.23102
40.18839	-80.24258
40.18846	-80.24272
40.18846	-80.24273
40.18863	-80.24332
40.18867	-80.24346
40.18879	-80.24377
40.18891	-80.24403
40.18902	-80.24423
40.18921	-80.24451
40.18941	-80.24474
40.18966	-80.24498
40.18987	-80.24514
40.19013	-80.24531
40.19083	-80.24566
40.19108	-80.24579
40.19166	-80.24603
40.19321	-80.24660
40.19338	-80.24669
40.19765	-80.24811
40.19792	-80.24821
40.19818	-80.24829
40.19885	-80.24846
40.19959	-80.24859
40.19992	-80.24862
40.20034	-80.24864
40.20093	-80.24864
40.20146	-80.24859
40.20161	-80.24858
40.20186	-80.24854
40.20243	-80.24842
40.20316	-80.24821
40.20342	-80.24812
40.20386	-80.24794
40.20402	-80.24787
40.20452	-80.24762
40.20496	-80.24737
40.20560	-80.24694
40.20589	-80.24672
40.20626	-80.24641
40.20652	-80.24618
40.20695	-80.24576
40.20748	-80.24519
40.20765	-80.24499
40.20817	-80.24429
40.20841	-80.24395
40.20880	-80.24332
40.20906	-80.24286
40.20941	-80.24216
40.20973	-80.24142
40.20996	-80.24084
40.21020	-80.24012
40.21042	-80.23938
40.21059	-80.23867
40.21072	-80.23806
40.21081	-80.23754
40.21096	-80.23643
40.21099	-80.23611
40.21105	-80.23474
40.21103	-80.23360
40.21070	-80.22881
40.21070	-80.22876
40.21069	-80.22871
40.21066	-80.22828
40.21064	-80.22757
40.21064	-80.22731
40.21068	-80.22667
40.21077	-80.22601
40.21090	-80.22541
40.21103	-80.22499
40.21118	-80.22454
40.21133	-80.22417
40.21147	-80.22388
40.21167	-80.22351
40.21195	-80.22304
40.21208	-80.22286
40.21237	-80.22248
40.21675	-80.21733
40.21802	-80.21583
40.21821	-80.21563
40.21865	-80.21518
40.21898	-80.21490
40.21956	-80.21445
40.21983	-80.21427
40.22019	-80.21406
40.22069	-80.21381
40.22103	-80.21367
40.22166	-80.21347
40.23040	-80.21128
40.23124	-80.21105
40.23193	-80.21079
40.23205	-80.21075
40.23270	-80.21047
40.23301	-80.21032
40.23358	-80.21002
40.23391	-80.20984
40.23407	-80.20975
40.23450	-80.20948
40.24218	-80.20430
40.24237	-80.20415
40.24271	-80.20385
40.24286	-80.20373
40.24306	-80.20353
40.24360	-80.20294
40.24390	-80.20257
40.24434	-80.20192
40.24462	-80.20144
40.24487	-80.20097
40.24645	-80.19766
40.24676	-80.19704
40.24706	-80.19650
40.24755	-80.19571
40.24766	-80.19556
40.24770	-80.19548
40.24940	-80.19299
40.25088	-80.19078
40.25126	-80.19014
40.25146	-80.18972
40.25338	-80.18493
40.25365	-80.18431
40.25376	-80.18407
40.25389	-80.18381
40.25396	-80.18370
40.25402	-80.18358
40.25422	-80.18328
40.25447	-80.18295
40.25472	-80.18265
40.25557	-80.18170
40.25612	-80.18110
40.25636	-80.18081
40.25643	-80.18073
40.25652	-80.18061
40.25660	-80.18052
40.25676	-80.18029
40.25690	-80.18007
40.25702	-80.17985
40.25709	-80.17973
40.25720	-80.17950
40.25741	-80.17899
40.25840	-80.17618
40.25876	-80.17532
40.25918	-80.17457
40.25945	-80.17418
40.25964	-80.17394
40.25995	-80.17359
40.26014	-80.17339
40.26066	-80.17290
40.26230	-80.17131
40.26240	-80.17121
40.26277	-80.17075
40.26293	-80.17051
40.26321	-80.17005
40.26336	-80.16978
40.26347	-80.16954
40.26351	-80.16943
40.26357	-80.16931
40.26372	-80.16892
40.26376	-80.16878
40.26380	-80.16867
40.26392	-80.16826
40.26396	-80.16812
40.26399	-80.16798
40.26464	-80.16554
40.26473	-80.16524
40.26486	-80.16486
40.26502	-80.16445
40.26511	-80.16424
40.26542	-80.16362
40.26568	-80.16317
40.26590	-80.16283
40.26613	-80.16252
40.26641	-80.16218
40.26671	-80.16185
40.26716	-80.16143
40.26755	-80.16113
40.26796	-80.16086
40.26863	-80.16046
40.26913	-80.16019
40.27000	-80.15977
40.27047	-80.15957
40.27122	-80.15928
40.27187	-80.15906
40.27244	-80.15889
40.27269	-80.15882
40.27437	-80.15848
40.27481	-80.15842
40.27518	-80.15838
40.27559	-80.15836
40.27568	-80.15835
40.27608	-80.15835
40.27638	-80.15838
40.27679	-80.15845
40.27695	-80.15849
40.27730	-80.15860
40.27753	-80.15869
40.27765	-80.15874
40.27797	-80.15890
40.27814	-80.15900
40.27835	-80.15914
40.27845	-80.15920
40.27882	-80.15949
40.27909	-80.15974
40.27936	-80.16001
40.28376	-80.16484
40.28640	-80.16772
40.28656	-80.16789
40.28691	-80.16822
40.28700	-80.16831
40.28719	-80.16846
40.28727	-80.16854
40.28747	-80.16868
40.28756	-80.16875
40.28797	-80.16900
40.28827	-80.16916
40.28858	-80.16930
40.28879	-80.16938
40.28900	-80.16945
40.28933	-80.16954
40.28981	-80.16963
40.29009	-80.16966
40.29019	-80.16966
40.29030	-80.16967
40.29051	-80.16967
40.29063	-80.16966
40.29073	-80.16966
40.29086	-80.16965
40.29106	-80.16963
40.29129	-80.16959
40.29173	-80.16949
40.29866	-80.16764
40.29886	-80.16758
40.29929	-80.16742
40.29958	-80.16728
40.29998	-80.16704
40.30043	-80.16668
40.30062	-80.16649
40.30112	-80.16593
40.30524	-80.16081
40.30533	-80.16071
40.30667	-80.15904
40.30708	-80.15856
40.30843	-80.15708
40.30967	-80.15586
40.31979	-80.14674
40.32102	-80.14575
40.32579	-80.14228
40.32686	-80.14149
40.32694	-80.14144
40.33530	-80.13533
40.33533	-80.13532
40.33595	-80.13480
40.33662	-80.13418
40.33711	-80.13368
40.33791	-80.13277
40.33825	-80.13235
40.33876	-80.13164
40.33934	-80.13077
40.33980	-80.13001
40.34407	-80.12166
40.34420	-80.12141
40.34456	-80.12082
40.34463	-80.12072
40.34470	-80.12060
40.34508	-80.12009
40.34543	-80.11967
40.34616	-80.11894
40.34658	-80.11859
40.34692	-80.11834
40.34722	-80.11814
40.34775	-80.11784
40.34807	-80.11769
40.34864	-80.11746
40.34873	-80.11744
40.34895	-80.11737
40.34927	-80.11729
40.34953	-80.11724
40.34960	-80.11722
40.34991	-80.11717
40.35026	-80.11714
40.35057	-80.11713
40.35103	-80.11714
40.35157	-80.11720
40.35239	-80.11737
40.35477	-80.11793
40.35499	-80.11797
40.35669	-80.11836
40.35753	-80.11851
40.35904	-80.11866
40.35907	-80.11866
40.35913	-80.11867
40.35925	-80.11867
40.35958	-80.11869
40.36229	-80.11874
40.36416	-80.11876
40.36428	-80.11877
40.36747	-80.11881
40.36778	-80.11880
40.36833	-80.11874
40.36864	-80.11867
40.36897	-80.11857
40.36945	-80.11835
40.36977	-80.11816
40.37007	-80.11794
40.37025	-80.11779
40.37060	-80.11745
40.37094	-80.11703
40.37115	-80.11673
40.37130	-80.11648
40.37156	-80.11598
40.37164	-80.11580
40.37183	-80.11530
40.37197	-80.11481
40.37203	-80.11458
40.37214	-80.11386
40.37217	-80.11360
40.37221	-80.11305
40.37233	-80.10932
40.37233	-80.10903
40.37236	-80.10831
40.37240	-80.1078
40.37245	-80.10738
40.37254	-80.10684
40.37258	-80.10665
40.37272	-80.10619
40.37275	-80.10607
40.37305	-80.10527
40.37326	-80.10482
40.37349	-80.10441
40.37374	-80.10401
40.37393	-80.10374
40.37426	-80.10335
40.37497	-80.10260
40.37698	-80.10059
40.37819	-80.09933
40.37992	-80.09765
40.38006	-80.09752
40.38026	-80.09730
40.38038	-80.09713
40.38042	-80.09709
40.38048	-80.09705
40.38064	-80.09697
40.38074	-80.09692
40.38080	-80.09688
40.38114	-80.09671
40.38159	-80.09652
40.38189	-80.09642
40.38213	-80.09636
40.38236	-80.09632
40.38287	-80.09629
40.38310	-80.09630
40.38353	-80.09636
40.38368	-80.09639
40.38420	-80.09654
40.38438	-80.09661
40.39217	-80.10004
40.39274	-80.10035
40.39311	-80.10056
40.39359	-80.10086
40.39483	-80.10177
40.39566	-80.10247
40.39838	-80.10465
40.39867	-80.10489
40.39885	-80.10505
40.39911	-80.10524
40.39948	-80.10548
40.40048	-80.10597
40.40066	-80.10604
40.40094	-80.10612
40.40786	-80.10753
40.40837	-80.10760
40.40878	-80.10764
40.40920	-80.10764
40.40965	-80.10759
40.41016	-80.10747
40.41062	-80.10730
40.41090	-80.10717
40.41113	-80.10704
40.41173	-80.10664
40.41463	-80.10432
40.41522	-80.10387
40.41560	-80.10361
40.41604	-80.10335
40.41626	-80.10325
40.41650	-80.10316
40.41684	-80.10305
40.41721	-80.10297
40.41766	-80.10292
40.41788	-80.10291
40.41820	-80.10292
40.41859	-80.10297
40.41871	-80.10301
40.41923	-80.10314
40.41960	-80.10329
40.42004	-80.10351
40.42064	-80.10388
40.42102	-80.10417
40.42116	-80.10429
40.42139	-80.10451
40.42215	-80.10517
40.42262	-80.10552
40.42281	-80.10563
40.42295	-80.10570
40.42340	-80.10588
40.42375	-80.10604
40.42384	-80.10606
40.42399	-80.10603
40.42406	-80.10603
40.42417	-80.10602
40.42427	-80.10600
40.42441	-80.10593
40.42447	-80.10588
40.42453	-80.10582
40.42465	-80.10563
40.42467	-80.10556
40.42470	-80.10549
40.42474	-80.10528
40.42474	-80.10523
40.42475	-80.10517
40.42474	-80.10510
40.42474	-80.10504
40.42470	-80.10485
40.42462	-80.10467
40.42455	-80.10457
40.42451	-80.10451
40.42436	-80.10439
40.42426	-80.10435
40.42417	-80.10433
40.42410	-80.10432
40.42406	-80.10432
40.42393	-80.10435
40.42385	-80.10438
40.42376	-80.10444
40.42367	-80.10453
40.42358	-80.10464
40.42353	-80.10473
40.42349	-80.10484
40.42346	-80.10495
40.42344	-80.10513
40.42344	-80.10523
40.42346	-80.10543
40.42355	-80.10597
40.42391	-80.10822
40.42393	-80.10863
40.42486	-80.11468
40.42497	-80.11566
40.42501	-80.11626
40.42503	-80.11718
40.42504	-80.11942
40.42505	-80.12008
40.42510	-80.12107
40.42527	-80.12233
40.42533	-80.12270
40.42554	-80.12366
40.42567	-80.12415
40.42584	-80.12473
40.42611	-80.12549
40.42857	-80.13119
40.42886	-80.13185
40.42901	-80.13226
40.43146	-80.13790
40.43219	-80.13949
40.44366	-80.16193
40.44409	-80.16273
40.44437	-80.16318
40.44463	-80.16354
40.44499	-80.16399
40.44546	-80.16451
40.44593	-80.16495
40.44636	-80.16532
40.44668	-80.16556
40.44683	-80.16566
40.44726	-80.16598
40.44894	-80.16713
40.44913	-80.16724
40.45010	-80.16793
40.45048	-80.16828
40.45077	-80.16860
40.45095	-80.16883
40.45114	-80.16915
40.45126	-80.16936
40.45149	-80.16982
40.45171	-80.17040
40.45190	-80.17114
40.45203	-80.17189
40.45255	-80.17560
40.45272	-80.17659
40.45296	-80.17758
40.45329	-80.17864
40.45420	-80.18113
40.45501	-80.18342
40.45546	-80.18458
40.45597	-80.18560
40.45648	-80.18641
40.45752	-80.18781
40.45829	-80.18878
40.45836	-80.18886
40.45949	-80.19031
40.46027	-80.19126
40.46077	-80.19180
40.46129	-80.19226
40.46561	-80.19576
40.46600	-80.19611
40.46638	-80.19652
40.46645	-80.19660
40.46659	-80.19679
40.46663	-80.19683
40.46676	-80.19700
40.46689	-80.19720
40.46694	-80.19727
40.46714	-80.19761
40.46722	-80.19773
40.46731	-80.19790
40.46735	-80.19799
40.46740	-80.19808
40.46758	-80.19847
40.46772	-80.19883
40.46785	-80.19919
40.46800	-80.19968
40.46810	-80.20011
40.46818	-80.20054
40.46834	-80.20149
40.46860	-80.20314
40.46881	-80.20410
40.46902	-80.20477
40.46910	-80.20497
40.46911	-80.20499
40.46914	-80.20509
40.46919	-80.20522
40.46950	-80.20590
40.47004	-80.20688
40.47136	-80.20923
40.47163	-80.20974
40.47165	-80.20977
40.47166	-80.20980
40.47172	-80.20991
40.47195	-80.21041
40.47217	-80.21096
40.47242	-80.21175
40.47250	-80.21205
40.47257	-80.21233
40.47272	-80.21315
40.47272	-80.21317
40.47276	-80.21345
40.47281	-80.21398
40.47283	-80.21418
40.47283	-80.21437
40.47284	-80.21451
40.47284	-80.21532
40.47283	-80.21542
40.47283	-80.21553
40.47281	-80.21584
40.47170	-80.22669
40.47168	-80.22694
40.47157	-80.22765
40.47153	-80.22782
40.47152	-80.22792
40.47140	-80.22843
40.47138	-80.22853
40.47131	-80.22875
40.47129	-80.22884
40.47115	-80.22929
40.47095	-80.22982
40.47079	-80.23020
40.47075	-80.23027
40.47064	-80.23051
40.46981	-80.23211
40.46965	-80.23239
40.46889	-80.23384
40.46853	-80.23463
40.46842	-80.23491
40.46813	-80.23581
40.46789	-80.23687
40.46783	-80.23728
40.46778	-80.23767
40.46773	-80.23832
40.46771	-80.23886
40.46771	-80.23916
40.46777	-80.24017
40.46781	-80.24052
40.46787	-80.24093
40.46791	-80.24110
40.46794	-80.24129
40.46804	-80.24173
40.46813	-80.24207
40.46839	-80.24283
40.46845	-80.24301
40.46878	-80.24378
40.46892	-80.24406
40.46907	-80.24434
40.46945	-80.24496
40.46982	-80.24548
40.46992	-80.24559
40.47014	-80.24587
40.47055	-80.24630
40.47121	-80.24697
40.47163	-80.24739
40.47187	-80.24764
40.47198	-80.24774
40.47714	-80.25297
40.47763	-80.25348
40.47780	-80.25368
40.47791	-80.25379
40.47843	-80.25445
40.47844	-80.25447
40.47871	-80.25483
40.47922	-80.25562
40.47923	-80.25563
40.48213	-80.26080
40.48265	-80.26170
40.48324	-80.26256
40.48367	-80.26310
40.48380	-80.26315
40.48381	-80.26315
40.48412	-80.26350
40.48454	-80.26389
40.48478	-80.26407
40.48481	-80.26410
40.48492	-80.26418
40.48523	-80.26436
40.48558	-80.26449
40.48601	-80.26461
40.48613	-80.26455
40.48663	-80.26453
40.48696	-80.26445
40.48729	-80.26433
40.48745	-80.26426
40.48782	-80.26403
40.48819	-80.26371
40.48830	-80.26359
40.48860	-80.26322
40.48882	-80.26291
40.48891	-80.26282
40.48978	-80.26160
40.49021	-80.26102
40.49043	-80.26065
40.49188	-80.25861
40.49204	-80.25840
40.49226	-80.25808
40.49238	-80.25788
40.49252	-80.25769
40.49297	-80.25699
40.49312	-80.25680
40.49320	-80.25673
40.49338	-80.25660
40.49350	-80.25654
40.49362	-80.25650
40.49374	-80.25647
40.49388	-80.25646
40.49404	-80.25648
40.49421	-80.25652
40.49462	-80.25670
40.49471	-80.25672
40.49715	-80.25662
40.49730	-80.25658
40.49755	-80.25645
40.49767	-80.25638
40.49779	-80.25634
40.49790	-80.25632
40.49804	-80.25631
40.49816	-80.25632
40.49827	-80.25635
40.49838	-80.25639
40.49850	-80.25645
40.49860	-80.25652
40.49873	-80.25665
40.49884	-80.25679
40.49895	-80.25696
40.49906	-80.25724
40.49912	-80.25752
40.49915	-80.25820
40.49914	-80.25844
40.49934	-80.26203
40.49935	-80.26227
40.49934	-80.26251
40.49936	-80.26286
40.49936	-80.26336
40.49935	-80.26365
40.49930	-80.26403
40.49923	-80.26439
40.49915	-80.26470
40.49904	-80.26504
40.49881	-80.26554
40.49866	-80.26580
40.49848	-80.26607
40.49828	-80.26631
40.49790	-80.26669
40.49761	-80.26689
40.49736	-80.26702
40.49719	-80.26709
40.49477	-80.26774
40.49450	-80.26784
40.49427	-80.26791
40.49377	-80.26809
40.49299	-80.26839
40.49001	-80.26963
40.48989	-80.26966
40.48974	-80.26968
40.48949	-80.26968
40.48928	-80.26967
40.48913	-80.26965
40.48902	-80.26962
40.48873	-80.26956
40.48867	-80.26954
40.48844	-80.26941
40.48833	-80.26933
40.48807	-80.26912
40.48801	-80.26905
40.48792	-80.26896
40.48771	-80.26868
40.48705	-80.26762
40.48679	-80.26724
40.48649	-80.26685
40.48594	-80.26621
40.48525	-80.26546
40.48525	-80.26545
40.48520	-80.26529
40.48428	-80.26433
40.48361	-80.26358
40.48323	-80.26311
40.48259	-80.26223
40.48127	-80.25997
40.47898	-80.25588
40.47871	-80.25544
40.47811	-80.25458
40.47782	-80.25422
40.47742	-80.25376
40.47532	-80.25163
40.47482	-80.25113
40.47455	-80.25084
40.47053	-80.24678
40.47014	-80.24637
40.46973	-80.24591
40.46938	-80.24545
40.46910	-80.24502
40.46900	-80.24487
40.46868	-80.24430
40.46854	-80.24400
40.46848	-80.24389
40.46821	-80.24325
40.46796	-80.24252
40.46788	-80.24227
40.46785	-80.24214
40.46782	-80.24205
40.46766	-80.24128
40.46752	-80.24040
40.46749	-80.24018
40.46743	-80.23937
40.46744	-80.23831
40.46747	-80.23784
40.46750	-80.23757
40.46757	-80.23704
40.46767	-80.23649
40.46776	-80.23609
40.46790	-80.23558
40.46794	-80.23542
40.46806	-80.23506
40.46814	-80.23482
40.46819	-80.23471
40.46835	-80.23429
40.46851	-80.23394
40.47043	-80.23026
40.47065	-80.22977
40.47080	-80.22939
40.47109	-80.22848
40.47116	-80.22820
40.47125	-80.22781
40.47127	-80.22768
40.47130	-80.22755
40.47144	-80.22650
40.47249	-80.21623
40.47255	-80.21537
40.47256	-80.21456
40.47247	-80.21341
40.47241	-80.21300
40.47233	-80.21258
40.47223	-80.21218
40.47221	-80.21207
40.47209	-80.21165
40.47192	-80.21114
40.47173	-80.21065
40.47168	-80.21053
40.47163	-80.21044
40.47152	-80.21019
40.47150	-80.21016
40.47124	-80.20966
40.47032	-80.20801
40.46968	-80.20686
40.46942	-80.20640
40.46918	-80.20593
40.46907	-80.20570
40.46888	-80.20523
40.46874	-80.20484
40.46869	-80.20471
40.46866	-80.20460
40.46861	-80.20446
40.46858	-80.20432
40.46853	-80.20417
40.46832	-80.20321
40.46785	-80.20030
40.46774	-80.19978
40.46757	-80.19915
40.46749	-80.19891
40.46729	-80.19839
40.46719	-80.19817
40.46706	-80.19791
40.46701	-80.19780
40.46656	-80.19705
40.46639	-80.19682
40.46636	-80.19677
40.46632	-80.19673
40.46609	-80.19644
40.46585	-80.19617
40.46551	-80.19584
40.46484	-80.19528
40.46304	-80.19383
40.46113	-80.19226
40.46064	-80.19182
40.46029	-80.19144
40.45823	-80.18887
40.45814	-80.18875
40.45812	-80.18873
40.45780	-80.18831
40.45729	-80.18768
40.45638	-80.18649
40.45588	-80.18567
40.45556	-80.18507
40.45523	-80.18432
40.45319	-80.17869
40.45302	-80.17816
40.45270	-80.17698
40.45254	-80.17615
40.45204	-80.17268
40.45194	-80.17194
40.45182	-80.17123
40.45175	-80.17092
40.45152	-80.17017
40.45130	-80.16966
40.45118	-80.16943
40.45087	-80.16894
40.45058	-80.16857
40.45038	-80.16835
40.45006	-80.16807
40.44977	-80.16784
40.44792	-80.16655
40.44662	-80.16563
40.44606	-80.16519
40.44546	-80.16464
40.44494	-80.16407
40.44464	-80.16370
40.44406	-80.16292
40.44365	-80.16223
40.43429	-80.14391
40.43363	-80.14257
40.43226	-80.13992
40.43179	-80.13895
40.43095	-80.13705
40.43026	-80.13543
40.43019	-80.13529
40.43007	-80.13501
40.42999	-80.13485
40.42623	-80.12618
40.42591	-80.12535
40.42570	-80.12472
40.42553	-80.12415
40.42536	-80.12347
40.42524	-80.12291
40.42516	-80.12247
40.42503	-80.12158
40.42495	-80.12059
40.42492	-80.11986
40.42490	-80.11796
40.42490	-80.11682
40.42487	-80.11620
40.42480	-80.11521
40.42380	-80.10845
40.42343	-80.10630
40.42339	-80.10611
40.42333	-80.10570
40.42322	-80.10521
40.42264	-80.10194
40.42247	-80.10086
40.42186	-80.09760
40.42133	-80.09557
40.42122	-80.09519
40.42080	-80.09392
40.42055	-80.09323
40.41993	-80.09170
40.41937	-80.09049
40.41905	-80.08986
40.41861	-80.08906
40.41853	-80.08891
40.41798	-80.08799
40.41768	-80.08752
40.41644	-80.08569
40.41508	-80.08386
40.41479	-80.08343
40.41479	-80.08342
40.41472	-80.08332
40.41465	-80.08324
40.41451	-80.08304
40.41450	-80.08304
40.41450	-80.08303
40.41427	-80.08264
40.41421	-80.08258
40.41415	-80.08250
40.41358	-80.08143
40.41326	-80.08074
40.41311	-80.08036
40.41083	-80.07403
40.41061	-80.07333
40.41061	-80.07331
40.41057	-80.07314
40.41049	-80.07255
40.41047	-80.07233
40.41046	-80.07205
40.41049	-80.07144
40.41055	-80.07105
40.41059	-80.07086
40.41070	-80.07047
40.41078	-80.07022
40.41092	-80.06987
40.41880	-80.05325
40.41956	-80.05168
40.42010	-80.05033
40.42032	-80.04967
40.42032	-80.04966
40.42049	-80.04910
40.42068	-80.04829
40.42080	-80.04769
40.42098	-80.04640
40.42099	-80.04635
40.42099	-80.04630
40.42103	-80.04584
40.42107	-80.04491
40.42107	-80.04416
40.42104	-80.04346
40.42100	-80.04289
40.42094	-80.04234
40.42028	-80.03767
40.42028	-80.03765
40.42008	-80.03617
40.41998	-80.03550
40.41993	-80.03504
40.41993	-80.03494
40.41991	-80.03468
40.41993	-80.03421
40.41996	-80.03384
40.42000	-80.03356
40.42006	-80.03327
40.42013	-80.03300
40.42022	-80.03274
40.42044	-80.03226
40.42064	-80.03193
40.42077	-80.03174
40.42099	-80.03145
40.42126	-80.03117
40.42153	-80.03095
40.42169	-80.03084
40.42192	-80.03071
40.42214	-80.03061
40.42225	-80.03056
40.42242	-80.03051
40.42250	-80.03048
40.42281	-80.03043
40.42307	-80.03041
40.42337	-80.03042
40.42357	-80.03045
40.42440	-80.03063
40.42471	-80.03072
40.42567	-80.03088
40.42577	-80.03089
40.42601	-80.03089
40.42611	-80.03088
40.42624	-80.03088
40.42631	-80.03087
40.42639	-80.03087
40.42649	-80.03085
40.42659	-80.03084
40.42680	-80.03079
40.42711	-80.03068
40.42742	-80.03055
40.42773	-80.03038
40.42802	-80.03018
40.42810	-80.03013
40.42835	-80.02991
40.42847	-80.02979
40.42850	-80.02977
40.42853	-80.02966
40.42862	-80.02956
40.42886	-80.02926
40.42980	-80.02793
40.43039	-80.02700
40.43087	-80.02611
40.43094	-80.02601
40.43177	-80.02446
40.43197	-80.02407
40.43255	-80.02308
40.43270	-80.02287
40.43435	-80.01987
40.43437	-80.01984
40.43466	-80.01927
40.43467	-80.01924
40.43484	-80.01895
40.43493	-80.01876
40.43538	-80.01789
40.43542	-80.01779
40.43543	-80.01779
40.43574	-80.01713
40.43574	-80.01711
40.43575	-80.01711
40.43606	-80.01645
40.43607	-80.01644
40.43611	-80.01634
40.43628	-80.01598
40.43647	-80.01562
40.43679	-80.01499
40.43773	-80.01332
40.43774	-80.01330
40.43785	-80.01315
40.43787	-80.01310
40.43807	-80.01277
40.43807	-80.01275
40.43858	-80.01190
40.43898	-80.01119
40.43947	-80.01025
40.43953	-80.00984
40.43953	-80.00964
40.43951	-80.00950
40.43947	-80.00935
40.43705	-80.00289
40.43698	-80.00273
40.43638	-80.00117
40.43633	-80.00102
40.43631	-80.00097
40.43630	-80.00091
40.43630	-80.00086
40.43626	-80.00075
40.43590	-79.99991
40.43583	-79.99976
40.43582	-79.99965
40.43581	-79.99964
40.43581	-79.99955
40.43582	-79.99942
40.43584	-79.99932
40.43588	-79.99919
40.43590	-79.99916
40.43595	-79.99904
40.43604	-79.99903
40.43697	-79.99833
40.43705	-79.99829
40.43740	-79.99805
40.43749	-79.99798
40.43866	-79.99721
40.43936	-79.99677
40.44016	-79.99621
40.44028	-79.99614
40.44072	-79.99584
40.44143	-79.99539
40.44212	-79.99491
40.44352	-79.99400
40.44379	-79.99378
40.44383	-79.99374
40.44408	-79.99343
40.44413	-79.99335
40.44420	-79.99346
40.44456	-79.99361